42
70,955994 53,641357
156,200073 64,883560
162,355133 139,111923
97,986053 251,150421
316,317505 265,292328
355,620728 136,444946
448,485718 58,482971
615,073792 146,972382
602,480713 267,933563
454,777893 319,962006
205,748413 439,314697
143,839874 514,949463
114,438324 951,244507
494,868774 861,642822
331,075195 741,221436
571,093262 700,479004
773,439270 858,616577
837,229370 827,075012
917,319580 858,224792
1009,430054 727,632202
1116,442749 861,548645
1224,954712 715,317017
1494,342773 707,872437
1580,359741 863,365845
1644,760620 438,238464
1446,756104 469,436157
1195,632446 624,551636
1047,563110 642,586914
858,788574 559,090637
556,287354 569,134460
721,508362 356,846619
1035,326782 132,672272
880,457153 467,079529
1114,905151 480,304626
1266,378906 414,710754
1457,843506 367,148895
1563,255981 312,747009
1543,314575 213,337433
1382,201660 257,796844
1167,878906 296,167542
1145,081543 128,308624
1165,903931 77,134277
